1	306
1	414
1	424
1	524
1	658
1	872
1	884
2	312
2	338
2	652
2	655
2	666
2	671
2	963
3	184
3	292
3	548
3	594
3	602
3	625
3	949
4	161
4	207
4	638
4	654
4	705
4	748
4	894
5	10
5	45
5	379
5	648
5	701
5	898
5	940
6	466
6	678
6	801
6	805
6	880
6	882
6	958
7	43
7	276
7	722
7	740
7	811
7	880
7	937
8	287
8	467
8	550
8	782
8	795
8	849
8	983
9	386
9	539
9	632
9	752
9	885
9	901
9	913
10	5
10	108
10	512
10	577
10	611
10	797
10	855
11	26
11	538
11	647
11	823
11	832
11	869
11	899
12	115
12	225
12	605
12	658
12	721
12	773
12	794
13	47
13	375
13	391
13	534
13	600
13	652
13	860
14	322
14	377
14	493
14	774
14	823
14	889
14	949
15	194
15	305
15	591
15	608
15	731
15	738
15	881
16	193
16	308
16	325
16	735
16	896
16	970
16	975
17	19
17	368
17	709
17	765
17	776
17	864
17	935
18	202
18	214
18	346
18	376
18	451
18	899
18	978
19	17
19	205
19	448
19	487
19	586
19	589
19	983
20	139
20	277
20	423
20	468
20	524
20	714
20	987
21	425
21	683
21	731
21	778
21	858
21	946
21	991
22	612
22	772
22	795
22	910
22	917
22	918
22	978
23	343
23	545
23	572
23	648
23	842
23	932
23	951
24	159
24	404
24	432
24	491
24	553
24	722
24	750
25	113
25	154
25	463
25	568
25	705
25	793
25	805
26	11
26	140
26	177
26	293
26	683
26	801
26	851
27	51
27	269
27	667
27	745
27	878
27	899
27	948
28	105
28	137
28	497
28	535
28	714
28	793
28	921
29	352
29	365
29	507
29	632
29	639
29	663
29	994
30	56
30	68
30	198
30	609
30	844
30	845
30	988
31	156
31	571
31	592
31	672
31	739
31	973
31	974
32	251
32	378
32	420
32	696
32	792
32	850
32	912
33	156
33	254
33	540
33	584
33	762
33	797
33	874
34	150
34	205
34	255
34	264
34	434
34	544
34	836
35	314
35	409
35	710
35	843
35	894
35	965
35	968
36	92
36	511
36	651
36	800
36	905
36	909
36	920
37	91
37	111
37	462
37	568
37	661
37	868
37	965
38	225
38	233
38	274
38	311
38	344
38	949
38	955
39	76
39	93
39	308
39	829
39	866
39	939
39	964
40	197
40	409
40	441
40	508
40	689
40	815
40	921
41	203
41	222
41	643
41	703
41	756
41	804
41	884
42	118
42	310
42	338
42	393
42	469
42	528
42	890
43	7
43	151
43	349
43	541
43	837
43	878
43	887
44	145
44	460
44	601
44	903
44	941
44	975
44	983
45	5
45	154
45	341
45	790
45	850
45	866
45	877
46	328
46	416
46	637
46	669
46	809
46	895
46	920
47	13
47	208
47	344
47	464
47	651
47	976
47	990
48	197
48	228
48	528
48	698
48	754
48	793
48	797
49	96
49	456
49	566
49	650
49	749
49	762
49	977
50	131
50	329
50	356
50	408
50	855
50	883
50	990
51	27
51	342
51	636
51	670
51	756
51	759
51	848
52	113
52	216
52	230
52	644
52	903
52	929
52	987
53	158
53	704
53	739
53	846
53	898
53	933
53	937
54	60
54	119
54	323
54	336
54	627
54	776
54	927
55	176
55	192
55	296
55	379
55	639
55	796
55	850
56	30
56	119
56	242
56	361
56	415
56	532
56	999
57	122
57	283
57	468
57	694
57	712
57	781
57	905
58	264
58	399
58	483
58	568
58	628
58	644
58	836
59	102
59	172
59	307
59	353
59	638
59	834
59	974
60	54
60	86
60	147
60	204
60	605
60	676
60	884
61	201
61	217
61	405
61	555
61	602
61	662
61	770
62	118
62	250
62	267
62	627
62	749
62	759
62	961
63	150
63	381
63	447
63	611
63	660
63	665
63	681
64	158
64	224
64	240
64	444
64	587
64	809
64	900
65	341
65	387
65	394
65	412
65	664
65	819
65	858
66	247
66	654
66	695
66	699
66	814
66	931
66	942
67	215
67	470
67	518
67	525
67	574
67	673
67	723
68	30
68	414
68	492
68	716
68	827
68	909
68	947
69	127
69	174
69	749
69	772
69	833
69	855
69	997
70	187
70	287
70	469
70	519
70	872
70	904
70	976
71	149
71	478
71	571
71	726
71	828
71	939
71	953
72	152
72	222
72	592
72	705
72	740
72	799
72	899
73	165
73	189
73	439
73	845
73	911
73	922
73	998
74	180
74	286
74	575
74	822
74	891
74	897
74	972
75	221
75	411
75	445
75	783
75	796
75	837
75	903
76	39
76	91
76	153
76	321
76	443
76	888
76	923
77	443
77	624
77	668
77	675
77	677
77	891
77	933
78	106
78	132
78	140
78	181
78	462
78	707
78	906
79	320
79	486
79	526
79	607
79	634
79	654
79	996
80	128
80	487
80	522
80	598
80	688
80	897
80	954
81	317
81	394
81	616
81	680
81	791
81	860
81	981
82	157
82	160
82	168
82	379
82	489
82	603
82	950
83	203
83	279
83	281
83	632
83	685
83	843
83	900
84	212
84	227
84	273
84	728
84	840
84	957
84	990
85	150
85	278
85	552
85	559
85	616
85	806
85	927
86	60
86	164
86	192
86	201
86	237
86	564
86	653
87	297
87	597
87	618
87	652
87	769
87	864
87	972
88	157
88	398
88	643
88	653
88	719
88	757
88	783
89	236
89	351
89	353
89	481
89	524
89	670
89	692
90	568
90	570
90	585
90	797
90	853
90	936
90	977
91	37
91	76
91	419
91	478
91	604
91	757
91	907
92	36
92	170
92	327
92	787
92	888
92	890
92	978
93	39
93	329
93	714
93	731
93	771
93	947
93	963
94	156
94	282
94	319
94	424
94	501
94	761
94	970
95	99
95	202
95	598
95	617
95	619
95	862
95	959
96	49
96	270
96	438
96	515
96	582
96	793
96	891
97	391
97	676
97	838
97	872
97	947
97	971
97	981
98	199
98	220
98	370
98	629
98	904
98	905
98	1000
99	95
99	347
99	589
99	787
99	823
99	889
99	944
100	201
100	406
100	444
100	732
100	799
100	908
100	912
101	129
101	156
101	225
101	526
101	582
101	797
101	813
102	59
102	126
102	427
102	564
102	846
102	849
102	872
103	248
103	279
103	405
103	536
103	613
103	646
103	675
104	204
104	210
104	527
104	680
104	681
104	839
104	842
105	28
105	149
105	268
105	604
105	763
105	790
105	989
106	78
106	120
106	381
106	427
106	640
106	771
106	825
107	260
107	479
107	537
107	570
107	655
107	959
107	963
108	10
108	234
108	628
108	716
108	765
108	768
108	829
109	117
109	187
109	250
109	472
109	813
109	877
109	987
110	138
110	488
110	507
110	614
110	788
110	821
110	892
111	37
111	245
111	350
111	389
111	461
111	532
111	617
112	146
112	274
112	310
112	339
112	471
112	755
112	881
113	25
113	52
113	173
113	348
113	639
113	744
113	800
114	179
114	395
114	461
114	758
114	769
114	848
114	868
115	12
115	238
115	288
115	344
115	758
115	867
115	920
116	119
116	256
116	578
116	690
116	746
116	897
116	951
117	109
117	317
117	397
117	719
117	758
117	824
117	990
118	42
118	62
118	220
118	251
118	551
118	589
118	650
119	54
119	56
119	116
119	121
119	385
119	706
119	730
120	106
120	254
120	435
120	609
120	777
120	809
120	980
121	119
121	227
121	460
121	642
121	802
121	848
121	941
122	57
122	191
122	384
122	440
122	822
122	907
122	917
123	418
123	597
123	660
123	732
123	736
123	781
123	921
124	309
124	354
124	372
124	393
124	475
124	834
124	914
125	152
125	183
125	349
125	362
125	564
125	629
125	929
126	102
126	290
126	500
126	534
126	546
126	617
126	825
127	69
127	151
127	640
127	664
127	704
127	772
127	831
128	80
128	225
128	632
128	690
128	789
128	910
128	969
129	101
129	311
129	719
129	781
129	883
129	886
129	917
130	296
130	321
130	375
130	552
130	656
130	756
130	780
131	50
131	242
131	340
131	427
131	472
131	819
131	877
132	78
132	358
132	365
132	393
132	434
132	471
132	500
133	370
133	560
133	569
133	591
133	818
133	956
133	966
134	194
134	282
134	407
134	514
134	817
134	880
134	959
135	215
135	246
135	292
135	410
135	437
135	564
135	993
136	750
136	835
136	877
136	908
136	915
136	970
136	977
137	28
137	272
137	278
137	317
137	662
137	709
137	865
138	110
138	474
138	503
138	633
138	645
138	810
138	865
139	20
139	529
139	561
139	650
139	651
139	655
139	694
140	26
140	78
140	172
140	454
140	745
140	820
140	845
141	448
141	658
141	763
141	849
141	853
141	869
141	975
142	264
142	586
142	679
142	699
142	830
142	831
142	888
143	409
143	576
143	596
143	622
143	837
143	885
143	979
144	148
144	215
144	360
144	603
144	635
144	852
144	962
145	44
145	204
145	302
145	703
145	879
145	944
145	950
146	112
146	308
146	617
146	822
146	932
146	951
146	975
147	60
147	332
147	400
147	482
147	684
147	922
147	941
148	144
148	496
148	662
148	787
148	948
148	950
148	963
149	71
149	105
149	204
149	321
149	385
149	903
149	915
150	34
150	63
150	85
150	155
150	307
150	502
150	818
151	43
151	127
151	326
151	497
151	784
151	942
151	978
152	72
152	125
152	479
152	670
152	866
152	877
152	919
153	76
153	281
153	328
153	450
153	545
153	823
153	965
154	25
154	45
154	289
154	383
154	514
154	699
154	773
155	150
155	325
155	538
155	587
155	872
155	878
155	963
156	31
156	33
156	94
156	101
156	422
156	567
156	604
157	82
157	88
157	246
157	492
157	729
157	833
157	974
158	53
158	64
158	322
158	423
158	563
158	953
158	967
159	24
159	405
159	510
159	549
159	630
159	706
159	986
160	82
160	211
160	318
160	416
160	655
160	754
160	944
161	4
161	398
161	564
161	610
161	769
161	837
161	865
162	175
162	254
162	266
162	415
162	439
162	500
162	736
163	505
163	741
163	803
163	809
163	835
163	929
163	940
164	86
164	756
164	837
164	840
164	842
164	862
164	928
165	73
165	646
165	730
165	791
165	806
165	934
165	998
166	406
166	509
166	685
166	781
166	875
166	903
166	954
167	173
167	226
167	243
167	414
167	650
167	925
167	971
168	82
168	210
168	401
168	565
168	627
168	771
168	849
169	442
169	500
169	673
169	839
169	840
169	886
169	987
170	92
170	426
170	436
170	518
170	546
170	881
170	951
171	242
171	305
171	333
171	371
171	418
171	443
171	517
172	59
172	140
172	295
172	464
172	551
172	876
172	973
173	113
173	167
173	323
173	353
173	495
173	768
173	815
174	69
174	283
174	309
174	733
174	902
174	914
174	935
175	162
175	247
175	266
175	616
175	657
175	731
175	852
176	55
176	311
176	328
176	474
176	753
176	904
176	981
177	26
177	265
177	508
177	717
177	742
177	908
177	927
178	226
178	363
178	371
178	547
178	887
178	892
178	962
179	114
179	224
179	288
179	527
179	667
179	736
179	809
180	74
180	379
180	634
180	870
180	875
180	885
180	996
181	78
181	233
181	495
181	595
181	734
181	932
181	977
182	195
182	235
182	440
182	495
182	684
182	708
182	831
183	125
183	343
183	443
183	509
183	526
183	886
183	970
184	3
184	454
184	585
184	735
184	919
184	922
184	998
185	334
185	475
185	481
185	744
185	841
185	889
185	967
186	287
186	321
186	644
186	704
186	764
186	789
186	975
187	70
187	109
187	294
187	527
187	532
187	747
187	818
188	333
188	334
188	347
188	498
188	629
188	634
188	799
189	73
189	690
189	721
189	794
189	891
189	913
189	987
190	194
190	298
190	570
190	648
190	782
190	834
190	944
191	122
191	338
191	481
191	484
191	695
191	817
191	976
192	55
192	86
192	392
192	593
192	750
192	764
192	931
193	16
193	519
193	737
193	782
193	848
193	874
193	977
194	15
194	134
194	190
194	571
194	697
194	744
194	861
195	182
195	309
195	775
195	797
195	908
195	911
195	939
196	208
196	303
196	647
196	656
196	707
196	778
196	964
196	992
197	40
197	48
197	209
197	254
197	271
197	500
197	678
197	840
198	30
198	258
198	363
198	473
198	725
198	727
198	793
198	894
199	98
199	679
199	747
199	879
199	880
199	945
199	988
200	256
200	336
200	364
200	497
200	524
200	653
200	745
200	771
201	61
201	86
201	100
201	416
201	499
201	720
201	802
201	864
202	18
202	95
202	393
202	526
202	621
202	690
202	693
202	885
203	41
203	83
203	474
203	573
203	803
203	888
203	942
203	972
204	60
204	104
204	145
204	149
204	471
204	544
204	563
204	580
205	19
205	34
205	272
205	516
205	548
205	650
205	982
205	995
206	449
206	532
206	647
206	828
206	891
206	951
206	956
206	991
207	4
207	429
207	515
207	573
207	639
207	691
207	740
207	852
208	47
208	196
208	249
208	546
208	713
208	871
208	916
208	974
209	197
209	329
209	458
209	678
209	693
209	787
209	823
209	853
210	104
210	168
210	259
210	495
210	600
210	659
210	783
210	901
211	160
211	433
211	479
211	566
211	630
211	667
211	842
211	952
212	84
212	272
212	380
212	751
212	831
212	858
212	881
212	885
213	367
213	717
213	732
213	753
213	774
213	893
213	905
213	964
214	18
214	252
214	418
214	621
214	670
214	698
214	707
214	820
215	67
215	135
215	144
215	313
215	632
215	686
215	817
215	893
216	52
216	268
216	785
216	881
216	917
216	953
216	978
216	993
217	61
217	219
217	719
217	782
217	818
217	871
217	876
217	928
218	234
218	235
218	606
218	729
218	740
218	778
218	779
218	931
219	217
219	240
219	349
219	595
219	954
219	960
219	977
219	979
220	98
220	118
220	255
220	452
220	529
220	834
220	835
220	995
221	75
221	304
221	580
221	663
221	701
221	750
221	806
221	976
222	41
222	72
222	778
222	821
222	847
222	932
222	938
222	997
223	247
223	386
223	413
223	723
223	795
223	820
223	940
223	947
224	64
224	179
224	437
224	527
224	762
224	779
224	795
224	845
225	12
225	38
225	101
225	128
225	467
225	833
225	860
225	953
226	167
226	178
226	366
226	408
226	538
226	614
226	748
226	975
227	84
227	121
227	359
227	440
227	470
227	673
227	681
227	896
228	48
228	242
228	436
228	445
228	553
228	626
228	719
228	820
229	318
229	496
229	504
229	574
229	675
229	896
229	911
229	963
230	52
230	290
230	521
230	646
230	742
230	788
230	817
230	915
231	243
231	642
231	664
231	685
231	833
231	937
231	947
231	996
232	264
232	298
232	373
232	560
232	567
232	582
232	793
232	830
233	38
233	181
233	303
233	304
233	577
233	778
233	782
233	877
234	108
234	218
234	409
234	449
234	508
234	630
234	927
234	993
235	182
235	218
235	507
235	567
235	583
235	682
235	740
235	995
236	89
236	358
236	584
236	641
236	751
236	760
236	799
236	944
237	86
237	304
237	605
237	610
237	765
237	776
237	940
237	980
238	115
238	244
238	417
238	470
238	526
238	586
238	763
238	974
239	337
239	368
239	424
239	468
239	503
239	700
239	819
239	979
240	64
240	219
240	298
240	653
240	664
240	675
240	960
240	995
241	441
241	495
241	505
241	685
241	752
241	810
241	863
241	864
242	56
242	131
242	171
242	228
242	314
242	338
242	432
242	662
243	167
243	231
243	279
243	310
243	373
243	576
243	904
243	996
244	238
244	316
244	344
244	424
244	497
244	807
244	900
244	916
245	111
245	351
245	392
245	464
245	608
245	698
245	749
245	833
246	135
246	157
246	756
246	809
246	823
246	829
246	945
246	988
247	66
247	175
247	223
247	276
247	409
247	786
247	820
247	952
248	103
248	302
248	775
248	812
248	855
248	931
248	968
248	987
249	208
249	296
249	361
249	716
249	729
249	755
249	892
249	961
250	62
250	109
250	684
250	689
250	707
250	762
250	836
250	916
251	32
251	118
251	458
251	657
251	671
251	750
251	804
251	909
252	214
252	458
252	476
252	496
252	787
252	904
252	935
252	953
253	365
253	596
253	726
253	751
253	757
253	795
253	838
253	981
254	33
254	120
254	162
254	197
254	442
254	549
254	689
254	872
255	34
255	220
255	330
255	516
255	520
255	602
255	779
255	898
256	116
256	200
256	398
256	456
256	500
256	533
256	914
256	944
257	268
257	459
257	518
257	576
257	771
257	895
257	967
257	999
258	198
258	279
258	325
258	502
258	560
258	851
258	870
258	972
259	210
259	267
259	333
259	380
259	557
259	562
259	814
259	856
260	107
260	332
260	480
260	530
260	666
260	816
260	895
260	987
261	281
261	346
261	683
261	825
261	854
261	872
261	878
261	905
262	330
262	386
262	394
262	465
262	674
262	715
262	971
262	995
263	313
263	466
263	507
263	727
263	840
263	845
263	937
263	961
264	34
264	58
264	142
264	232
264	486
264	772
264	803
264	970
265	177
265	410
265	571
265	625
265	657
265	661
265	755
265	986
266	162
266	175
266	285
266	590
266	628
266	909
266	942
266	958
267	62
267	259
267	274
267	338
267	454
267	511
267	523
267	851
268	105
268	216
268	257
268	457
268	807
268	818
268	882
268	896
269	27
269	330
269	335
269	353
269	473
269	933
269	962
269	968
270	96
270	533
270	577
270	637
270	644
270	652
270	729
270	887
271	197
271	324
271	331
271	421
271	596
271	601
271	834
271	863
272	137
272	205
272	212
272	378
272	387
272	675
272	802
272	910
273	84
273	387
273	451
273	500
273	893
273	895
273	901
273	953
274	38
274	112
274	267
274	393
274	512
274	746
274	882
274	956
275	282
275	286
275	327
275	539
275	553
275	599
275	756
275	952
276	7
276	247
276	404
276	593
276	686
276	879
276	888
276	968
277	20
277	465
277	797
277	866
277	925
277	969
277	985
277	996
278	85
278	137
278	419
278	531
278	560
278	660
278	865
278	926
279	83
279	103
279	243
279	258
279	508
279	522
279	832
279	949
280	369
280	388
280	403
280	422
280	485
280	880
280	881
280	961
281	83
281	153
281	261
281	810
281	819
281	831
281	854
281	894
282	94
282	134
282	275
282	402
282	416
282	703
282	842
282	899
283	57
283	174
283	520
283	628
283	639
283	787
283	804
283	895
284	378
284	656
284	719
284	786
284	792
284	828
284	923
284	988
285	266
285	356
285	413
285	473
285	723
285	749
285	901
285	983
286	74
286	275
286	401
286	521
286	566
286	584
286	834
286	996
287	8
287	70
287	186
287	522
287	657
287	885
287	914
287	956
288	115
288	179
288	488
288	599
288	730
288	806
288	922
288	957
289	154
289	353
289	412
289	493
289	527
289	871
289	914
289	950
290	126
290	230
290	511
290	529
290	539
290	739
290	912
290	915
291	331
291	502
291	679
291	699
291	822
291	885
291	898
291	952
292	3
292	135
292	305
292	437
292	630
292	656
292	756
292	937
293	26
293	391
293	430
293	640
293	674
293	737
293	741
293	837
294	187
294	317
294	350
294	469
294	573
294	633
294	890
294	946
295	172
295	399
295	529
295	657
295	697
295	710
295	938
295	949
296	55
296	130
296	249
296	551
296	637
296	645
296	897
296	932
297	87
297	558
297	598
297	785
297	802
297	828
297	835
297	909
298	190
298	232
298	240
298	419
298	598
298	700
298	850
298	947
299	507
299	564
299	657
299	733
299	827
299	859
299	870
299	922
300	314
300	433
300	573
300	671
300	759
300	828
300	845
300	962
301	318
301	322
301	471
301	656
301	740
301	790
301	859
301	949
302	145
302	248
302	731
302	766
302	768
302	815
302	839
302	884
303	196
303	233
303	407
303	490
303	804
303	853
303	953
303	968
304	221
304	233
304	237
304	366
304	620
304	775
304	814
304	832
305	15
305	171
305	292
305	475
305	597
305	801
305	811
305	816
306	1
306	400
306	432
306	707
306	775
306	852
306	890
306	999
307	59
307	150
307	581
307	583
307	773
307	919
307	957
307	985
308	16
308	39
308	146
308	344
308	605
308	735
308	794
308	918
309	124
309	174
309	195
309	771
309	786
309	849
309	877
309	918
310	42
310	112
310	243
310	457
310	612
310	776
310	887
310	890
311	38
311	129
311	176
311	467
311	562
311	579
311	716
311	798
312	2
312	485
312	489
312	564
312	603
312	826
312	884
312	942
313	215
313	263
313	628
313	745
313	849
313	868
313	966
313	990
314	35
314	242
314	300
314	374
314	573
314	643
314	673
314	986
315	330
315	546
315	549
315	611
315	684
315	733
315	762
315	957
316	244
316	357
316	607
316	670
316	745
316	812
316	826
316	868
317	81
317	117
317	137
317	294
317	320
317	556
317	675
317	998
318	160
318	229
318	301
318	325
318	399
318	692
318	717
318	902
319	94
319	395
319	403
319	562
319	661
319	779
319	801
319	916
320	79
320	317
320	538
320	573
320	595
320	686
320	764
320	886
321	76
321	130
321	149
321	186
321	363
321	713
321	903
321	932
322	14
322	158
322	301
322	429
322	515
322	713
322	848
322	919
323	54
323	173
323	420
323	626
323	718
323	853
323	965
323	980
324	271
324	456
324	560
324	607
324	743
324	929
324	945
324	971
325	16
325	155
325	258
325	318
325	411
325	688
325	991
325	998
326	151
326	400
326	592
326	593
326	743
326	806
326	827
326	841
327	92
327	275
327	758
327	813
327	873
327	914
327	970
327	995
328	46
328	153
328	176
328	364
328	370
328	630
328	683
328	918
329	50
329	93
329	209
329	380
329	496
329	619
329	690
329	910
330	255
330	262
330	269
330	315
330	353
330	900
330	924
330	952
331	271
331	291
331	675
331	847
331	912
331	934
331	936
331	988
332	147
332	260
332	418
332	459
332	619
332	637
332	876
332	899
333	171
333	188
333	259
333	473
333	514
333	519
333	697
333	971
334	185
334	188
334	352
334	630
334	879
334	937
334	966
334	989
335	269
335	410
335	461
335	660
335	667
335	846
335	913
335	971
336	54
336	200
336	372
336	569
336	766
336	786
336	814
336	936
337	239
337	352
337	390
337	521
337	586
337	630
337	639
337	818
338	2
338	42
338	191
338	242
338	267
338	382
338	440
338	642
339	112
339	492
339	572
339	584
339	597
339	618
339	659
339	796
340	131
340	361
340	622
340	732
340	743
340	744
340	753
340	838
341	45
341	65
341	468
341	543
341	570
341	795
341	843
341	980
342	51
342	484
342	554
342	680
342	748
342	781
342	809
342	862
343	23
343	183
343	429
343	505
343	702
343	802
343	869
343	922
344	38
344	47
344	115
344	244
344	308
344	615
344	636
344	676
345	569
345	631
345	720
345	726
345	752
345	778
345	779
345	962
346	18
346	261
346	421
346	491
346	734
346	739
346	895
346	934
347	99
347	188
347	582
347	668
347	674
347	750
347	827
347	986
348	113
348	547
348	627
348	631
348	748
348	794
348	842
348	859
349	43
349	125
349	219
349	727
349	857
349	930
349	976
349	988
350	111
350	294
350	378
350	528
350	543
350	633
350	688
350	762
351	89
351	245
351	677
351	689
351	724
351	910
351	924
351	955
352	29
352	334
352	337
352	641
352	648
352	705
352	830
352	910
353	59
353	89
353	173
353	269
353	289
353	330
353	734
353	910
354	124
354	390
354	398
354	450
354	669
354	790
354	991
354	998
355	429
355	553
355	778
355	882
355	896
355	923
355	953
355	968
356	50
356	285
356	843
356	850
356	883
356	900
356	911
356	926
357	316
357	411
357	592
357	600
357	681
357	746
357	857
357	884
358	132
358	236
358	472
358	536
358	549
358	604
358	745
358	952
359	227
359	385
359	419
359	516
359	534
359	560
359	860
359	910
360	144
360	626
360	652
360	714
360	735
360	749
360	815
360	820
361	56
361	249
361	340
361	433
361	619
361	687
361	784
361	874
362	125
362	475
362	535
362	575
362	578
362	713
362	851
362	880
363	178
363	198
363	321
363	466
363	514
363	860
363	979
363	1000
364	200
364	328
364	371
364	476
364	574
364	618
364	664
364	992
365	29
365	132
365	253
365	536
365	724
365	852
365	887
365	988
366	226
366	304
366	373
366	453
366	631
366	795
366	961
366	994
367	213
367	389
367	484
367	607
367	861
367	873
367	888
367	915
368	17
368	239
368	403
368	478
368	533
368	576
368	643
368	791
369	280
369	381
369	423
369	454
369	913
369	934
369	957
369	967
370	98
370	133
370	328
370	425
370	443
370	550
370	652
370	868
371	171
371	178
371	364
371	415
371	521
371	598
371	672
371	747
371	845
372	124
372	336
372	389
372	448
372	534
372	560
372	797
372	985
372	992
373	232
373	243
373	366
373	574
373	723
373	811
373	898
373	918
373	923
374	314
374	440
374	516
374	550
374	621
374	701
374	829
374	928
374	980
375	13
375	130
375	387
375	439
375	699
375	736
375	799
375	884
375	985
376	18
376	384
376	433
376	610
376	720
376	798
376	802
376	806
376	929
377	14
377	588
377	737
377	766
377	802
377	813
377	826
377	876
377	986
378	32
378	272
378	284
378	350
378	649
378	750
378	769
378	928
378	944
379	5
379	55
379	82
379	180
379	458
379	606
379	748
379	851
379	901
380	212
380	259
380	329
380	385
380	392
380	594
380	678
380	918
380	954
381	63
381	106
381	369
381	456
381	457
381	579
381	602
381	605
381	753
382	338
382	403
382	425
382	481
382	521
382	534
382	801
382	912
382	922
383	154
383	473
383	501
383	642
383	671
383	709
383	912
383	925
383	934
384	122
384	376
384	505
384	521
384	626
384	706
384	755
384	853
384	870
385	119
385	149
385	359
385	380
385	398
385	593
385	851
385	974
385	983
386	9
386	223
386	262
386	653
386	661
386	695
386	825
386	877
386	984
387	65
387	272
387	273
387	375
387	600
387	727
387	775
387	834
387	996
388	280
388	581
388	683
388	734
388	751
388	929
388	937
388	965
388	970
389	111
389	367
389	372
389	463
389	531
389	604
389	621
389	784
389	810
390	337
390	354
390	452
390	718
390	768
390	817
390	874
390	931
390	999
391	13
391	97
391	293
391	527
391	566
391	753
391	850
391	967
391	988
392	192
392	245
392	380
392	447
392	449
392	692
392	921
392	989
392	996
393	42
393	124
393	132
393	202
393	274
393	436
393	525
393	739
393	968
394	65
394	81
394	262
394	395
394	510
394	603
394	889
394	983
394	988
395	114
395	319
395	394
395	401
395	515
395	682
395	754
395	819
395	966
396	469
396	638
396	672
396	784
396	847
396	877
396	882
396	930
396	996
397	117
397	403
397	593
397	607
397	608
397	623
397	752
397	783
397	943
398	88
398	161
398	256
398	354
398	385
398	841
398	892
398	944
398	976
399	58
399	295
399	318
399	760
399	821
399	901
399	913
399	938
399	954
400	147
400	306
400	326
400	690
400	855
400	875
400	908
400	942
400	988
401	168
401	286
401	395
401	558
401	630
401	695
401	866
401	920
401	962
402	282
402	453
402	804
402	860
402	875
402	886
402	893
402	960
402	999
403	280
403	319
403	368
403	382
403	397
403	460
403	932
403	950
403	977
404	24
404	276
404	429
404	434
404	657
404	661
404	814
404	838
404	878
405	61
405	103
405	159
405	466
405	524
405	698
405	742
405	878
405	982
406	100
406	166
406	649
406	691
406	737
406	832
406	836
406	921
406	971
407	134
407	303
407	763
407	771
407	778
407	813
407	822
407	903
407	907
408	50
408	226
408	480
408	506
408	643
408	665
408	857
408	974
408	994
409	35
409	40
409	143
409	234
409	247
409	579
409	744
409	835
409	889
410	135
410	265
410	335
410	543
410	600
410	803
410	878
410	918
410	955
411	75
411	325
411	357
411	458
411	542
411	630
411	718
411	915
411	953
412	65
412	289
412	414
412	625
412	724
412	805
412	867
412	916
412	990
413	223
413	285
413	430
413	575
413	607
413	800
413	867
413	886
413	975
414	1
414	68
414	167
414	412
414	432
414	440
414	543
414	569
414	853
415	56
415	162
415	371
415	431
415	447
415	457
415	558
415	644
415	803
416	46
416	160
416	201
416	282
416	584
416	647
416	772
416	829
416	985
417	238
417	537
417	552
417	691
417	717
417	718
417	770
417	779
417	959
418	123
418	171
418	214
418	332
418	560
418	646
418	801
418	841
418	855
419	91
419	278
419	298
419	359
419	603
419	657
419	670
419	690
419	958
420	32
420	323
420	430
420	504
420	602
420	700
420	725
420	788
420	877
421	271
421	346
421	425
421	640
421	673
421	757
421	788
421	850
421	959
422	156
422	280
422	539
422	619
422	701
422	785
422	788
422	800
422	880
423	20
423	158
423	369
423	433
423	735
423	875
423	912
423	935
423	974
424	1
424	94
424	239
424	244
424	488
424	565
424	662
424	930
424	981
425	21
425	370
425	382
425	421
425	483
425	534
425	659
425	844
425	933
426	170
426	472
426	481
426	525
426	564
426	620
426	925
426	941
426	978
427	102
427	106
427	131
427	463
427	733
427	745
427	826
427	858
427	892
428	509
428	609
428	666
428	730
428	735
428	744
428	833
428	931
428	992
429	207
429	322
429	343
429	355
429	404
429	495
429	519
429	931
429	943
430	293
430	413
430	420
430	437
430	655
430	738
430	777
430	971
430	987
431	415
431	514
431	519
431	525
431	597
431	651
431	854
431	857
431	867
432	24
432	242
432	306
432	414
432	579
432	592
432	727
432	744
432	848
433	211
433	300
433	361
433	376
433	423
433	613
433	816
433	880
433	950
434	34
434	132
434	404
434	446
434	530
434	559
434	580
434	860
434	962
435	120
435	728
435	736
435	753
435	856
435	904
435	974
435	976
435	987
436	170
436	228
436	393
436	466
436	487
436	737
436	941
436	955
436	983
437	135
437	224
437	292
437	430
437	578
437	711
437	719
437	772
437	902
438	96
438	525
438	537
438	550
438	631
438	659
438	810
438	843
438	984
439	73
439	162
439	375
439	469
439	648
439	650
439	767
439	933
439	969
440	122
440	182
440	227
440	338
440	374
440	414
440	510
440	903
440	960
441	40
441	241
441	567
441	577
441	734
441	755
441	824
441	958
441	966
442	169
442	254
442	550
442	655
442	662
442	729
442	940
442	977
442	982
443	76
443	77
443	171
443	183
443	370
443	668
443	724
443	865
443	878
444	64
444	100
444	445
444	565
444	576
444	647
444	680
444	810
444	894
445	75
445	228
445	444
445	589
445	613
445	699
445	806
445	839
445	876
446	434
446	467
446	480
446	518
446	554
446	697
446	901
446	992
446	1000
447	63
447	392
447	415
447	455
447	560
447	648
447	755
447	826
447	905
448	19
448	141
448	372
448	537
448	582
448	697
448	717
448	721
448	997
449	206
449	234
449	392
449	494
449	511
449	531
449	697
449	852
449	928
450	153
450	354
450	660
450	765
450	780
450	825
450	900
450	919
450	960
451	18
451	273
451	454
451	671
451	674
451	678
451	883
451	927
451	931
452	220
452	390
452	635
452	687
452	783
452	803
452	814
452	858
452	925
453	366
453	402
453	533
453	547
453	794
453	795
453	827
453	930
453	963
454	140
454	184
454	267
454	369
454	451
454	673
454	680
454	887
454	920
455	447
455	582
455	664
455	727
455	795
455	814
455	852
455	949
455	967
456	49
456	256
456	324
456	381
456	486
456	598
456	644
456	870
456	876
457	268
457	310
457	381
457	415
457	635
457	693
457	694
457	831
457	853
458	209
458	251
458	252
458	379
458	411
458	478
458	547
458	704
458	718
459	257
459	332
459	556
459	647
459	672
459	739
459	860
459	884
459	900
460	44
460	121
460	403
460	626
460	721
460	730
460	837
460	845
460	860
461	111
461	114
461	335
461	493
461	514
461	755
461	916
461	965
461	978
462	37
462	78
462	475
462	488
462	516
462	844
462	898
462	911
462	920
463	25
463	389
463	427
463	544
463	553
463	709
463	799
463	834
463	914
464	47
464	172
464	245
464	469
464	635
464	827
464	861
464	919
464	973
465	262
465	277
465	487
465	520
465	572
465	591
465	794
465	871
465	953
466	6
466	263
466	363
466	405
466	436
466	519
466	677
466	711
466	747
467	8
467	225
467	311
467	446
467	573
467	729
467	754
467	902
467	997
468	20
468	57
468	239
468	341
468	507
468	575
468	862
468	878
468	924
469	42
469	70
469	294
469	396
469	439
469	464
469	509
469	807
469	914
470	67
470	227
470	238
470	529
470	809
470	885
470	920
470	965
470	971
471	112
471	132
471	204
471	301
471	507
471	604
471	827
471	842
471	856
472	109
472	131
472	358
472	426
472	828
472	856
472	894
472	907
472	919
473	198
473	269
473	285
473	333
473	383
473	624
473	679
473	728
473	894
474	138
474	176
474	203
474	529
474	654
474	785
474	947
474	965
474	990
475	124
475	185
475	305
475	362
475	462
475	597
475	634
475	785
475	893
476	252
476	364
476	557
476	691
476	753
476	771
476	956
476	969
476	986
477	554
477	655
477	665
477	679
477	683
477	815
477	867
477	909
477	972
478	71
478	91
478	368
478	458
478	488
478	684
478	906
478	950
478	983
479	107
479	152
479	211
479	528
479	591
479	814
479	895
479	972
479	1000
480	260
480	408
480	446
480	780
480	804
480	873
480	883
480	982
480	987
481	89
481	185
481	191
481	382
481	426
481	502
481	713
481	816
481	939
482	147
482	512
482	682
482	769
482	777
482	816
482	854
482	917
482	933
483	58
483	425
483	596
483	632
483	637
483	723
483	861
483	960
483	963
484	191
484	342
484	367
484	498
484	569
484	692
484	739
484	778
484	926
485	280
485	312
485	526
485	599
485	632
485	637
485	700
485	733
485	893
486	79
486	264
486	456
486	566
486	576
486	790
486	824
486	877
486	999
487	19
487	80
487	436
487	465
487	585
487	609
487	696
487	763
487	925
488	110
488	288
488	424
488	462
488	478
488	499
488	502
488	805
488	968
489	82
489	312
489	575
489	709
489	766
489	848
489	901
489	930
489	975
490	303
490	513
490	558
490	572
490	595
490	678
490	793
490	891
490	923
491	24
491	346
491	604
491	723
491	806
491	845
491	846
491	913
491	982
492	68
492	157
492	339
492	650
492	697
492	792
492	797
492	821
492	909
493	14
493	289
493	461
493	525
493	601
493	662
493	849
493	964
493	975
494	449
494	560
494	603
494	651
494	832
494	900
494	905
494	969
494	993
495	173
495	181
495	182
495	210
495	241
495	429
495	671
495	742
495	823
496	148
496	229
496	252
496	329
496	616
496	749
496	891
496	934
496	943
497	28
497	151
497	200
497	244
497	548
497	617
497	776
497	854
497	892
498	188
498	484
498	626
498	665
498	730
498	803
498	850
498	868
498	953
499	201
499	488
499	665
499	824
499	831
499	894
499	946
499	985
499	997
500	126
500	132
500	162
500	169
500	197
500	256
500	273
500	841
500	865
501	94
501	383
501	548
501	617
501	651
501	661
501	847
501	884
501	937
502	150
502	258
502	291
502	481
502	488
502	606
502	661
502	697
502	960
503	138
503	239
503	512
503	528
503	553
503	646
503	701
503	859
503	918
504	229
504	420
504	582
504	609
504	712
504	801
504	907
504	914
504	964
505	163
505	241
505	343
505	384
505	513
505	554
505	980
505	986
505	1000
506	408
506	550
506	640
506	710
506	731
506	734
506	794
506	857
506	859
507	29
507	110
507	235
507	263
507	299
507	468
507	471
507	514
507	519
508	40
508	177
508	234
508	279
508	522
508	623
508	642
508	857
508	864
509	166
509	183
509	428
509	469
509	513
509	542
509	575
509	783
509	800
510	159
510	394
510	440
510	629
510	711
510	738
510	888
510	896
510	993
511	36
511	267
511	290
511	449
511	626
511	668
511	700
511	721
511	936
512	10
512	274
512	482
512	503
512	533
512	708
512	725
512	859
512	939
513	490
513	505
513	509
513	647
513	709
513	712
513	836
513	955
513	999
514	134
514	154
514	333
514	363
514	431
514	461
514	507
514	823
514	932
515	96
515	207
515	322
515	395
515	758
515	761
515	807
515	829
515	988
516	205
516	255
516	359
516	374
516	462
516	702
516	706
516	844
516	919
516	976
517	171
517	776
517	785
517	808
517	838
517	855
517	872
517	876
517	949
517	969
518	67
518	170
518	257
518	446
518	550
518	607
518	622
518	665
518	776
518	783
519	70
519	193
519	333
519	429
519	431
519	466
519	507
519	556
519	638
519	767
520	255
520	283
520	465
520	611
520	718
520	758
520	786
520	854
520	915
520	955
521	230
521	286
521	337
521	371
521	382
521	384
521	558
521	576
521	645
521	984
522	80
522	279
522	287
522	508
522	544
522	550
522	552
522	651
522	716
522	749
523	267
523	621
523	627
523	640
523	695
523	716
523	726
523	809
523	827
523	858
524	1
524	20
524	89
524	200
524	405
524	557
524	686
524	689
524	718
524	854
525	67
525	393
525	426
525	431
525	438
525	493
525	697
525	772
525	978
525	982
526	79
526	101
526	183
526	202
526	238
526	485
526	613
526	704
526	842
526	902
527	104
527	179
527	187
527	224
527	289
527	391
527	665
527	774
527	846
527	870
528	42
528	48
528	350
528	479
528	503
528	561
528	862
528	896
528	979
528	987
529	139
529	220
529	290
529	295
529	470
529	474
529	613
529	743
529	867
529	894
530	260
530	434
530	556
530	633
530	671
530	751
530	769
530	789
530	802
530	816
531	278
531	389
531	449
531	636
531	740
531	813
531	814
531	840
531	865
531	955
532	56
532	111
532	187
532	206
532	576
532	586
532	665
532	724
532	738
532	982
533	256
533	270
533	368
533	453
533	512
533	553
533	682
533	805
533	900
533	991
534	13
534	126
534	359
534	372
534	382
534	425
534	638
534	784
534	819
534	842
535	28
535	362
535	542
535	589
535	612
535	766
535	830
535	888
535	933
535	985
536	103
536	358
536	365
536	572
536	645
536	649
536	679
536	866
536	870
536	904
537	107
537	417
537	438
537	448
537	749
537	770
537	833
537	875
537	884
537	900
538	11
538	155
538	226
538	320
538	601
538	662
538	720
538	741
538	748
538	760
539	9
539	275
539	290
539	422
539	584
539	702
539	777
539	838
539	873
539	936
540	33
540	551
540	642
540	676
540	700
540	804
540	868
540	916
540	945
540	996
541	43
541	698
541	707
541	719
541	840
541	863
541	900
541	921
541	980
541	997
542	411
542	509
542	535
542	592
542	788
542	809
542	811
542	820
542	858
542	867
543	341
543	350
543	410
543	414
543	622
543	685
543	820
543	849
543	889
543	982
544	34
544	204
544	463
544	522
544	552
544	624
544	688
544	879
544	969
544	974
545	23
545	153
545	647
545	683
545	691
545	698
545	751
545	781
545	893
545	994
546	126
546	170
546	208
546	315
546	656
546	791
546	874
546	902
546	989
546	990
547	178
547	348
547	453
547	458
547	672
547	683
547	727
547	849
547	912
547	948
548	3
548	205
548	497
548	501
548	551
548	605
548	656
548	708
548	964
548	972
549	159
549	254
549	315
549	358
549	641
549	691
549	704
549	751
549	886
549	947
550	8
550	370
550	374
550	438
550	442
550	506
550	518
550	522
550	626
550	717
551	118
551	172
551	296
551	540
551	548
551	653
551	882
551	886
551	935
551	985
552	85
552	130
552	417
552	522
552	544
552	673
552	719
552	726
552	835
552	897
553	24
553	228
553	275
553	355
553	463
553	503
553	533
553	837
553	939
553	956
554	342
554	446
554	477
554	505
554	616
554	641
554	800
554	807
554	968
554	983
555	61
555	597
555	601
555	711
555	734
555	826
555	874
555	885
555	895
555	965
556	317
556	459
556	519
556	530
556	559
556	562
556	619
556	817
556	933
556	981
557	259
557	476
557	524
557	875
557	879
557	898
557	940
557	941
557	957
557	959
558	297
558	401
558	415
558	490
558	521
558	746
558	755
558	937
558	955
558	961
559	85
559	434
559	556
559	701
559	730
559	829
559	835
559	905
559	909
559	977
560	133
560	232
560	258
560	278
560	324
560	359
560	372
560	418
560	447
560	494
561	139
561	528
561	588
561	614
561	623
561	636
561	808
561	813
561	928
561	970
562	259
562	311
562	319
562	556
562	598
562	781
562	802
562	856
562	924
562	936
563	158
563	204
563	591
563	650
563	672
563	691
563	805
563	817
563	990
563	995
564	86
564	102
564	125
564	135
564	161
564	299
564	312
564	426
564	746
564	880
565	168
565	424
565	444
565	643
565	714
565	791
565	803
565	816
565	836
565	939
566	49
566	211
566	286
566	391
566	486
566	640
566	646
566	889
566	904
566	920
567	156
567	232
567	235
567	441
567	610
567	715
567	896
567	920
567	958
567	988
568	25
568	37
568	58
568	90
568	575
568	581
568	767
568	811
568	837
568	910
569	133
569	336
569	345
569	414
569	484
569	694
569	782
569	849
569	935
569	971
570	90
570	107
570	190
570	341
570	720
570	768
570	826
570	869
570	948
570	980
571	31
571	71
571	194
571	265
571	622
571	634
571	774
571	782
571	879
571	903
572	23
572	339
572	465
572	490
572	536
572	655
572	674
572	803
572	819
572	896
573	203
573	207
573	294
573	300
573	314
573	320
573	467
573	702
573	839
573	941
574	67
574	229
574	364
574	373
574	589
574	672
574	688
574	740
574	806
574	943
575	74
575	362
575	413
575	468
575	489
575	509
575	568
575	654
575	752
575	876
576	143
576	243
576	257
576	368
576	444
576	486
576	521
576	532
576	750
576	833
577	10
577	233
577	270
577	441
577	683
577	723
577	801
577	857
577	862
577	951
578	116
578	362
578	437
578	707
578	773
578	806
578	962
578	966
578	984
579	311
579	381
579	409
579	432
579	621
579	687
579	714
579	830
579	963
579	964
580	204
580	221
580	434
580	595
580	782
580	784
580	822
580	841
580	844
580	873
581	307
581	388
581	568
581	608
581	748
581	791
581	827
581	840
581	916
581	971
582	96
582	101
582	232
582	347
582	448
582	455
582	504
582	833
582	874
582	999
583	235
583	307
583	669
583	701
583	799
583	817
583	831
583	846
583	897
583	973
584	33
584	236
584	286
584	339
584	416
584	539
584	638
584	681
584	722
584	829
585	90
585	184
585	487
585	706
585	754
585	765
585	773
585	794
585	901
585	994
586	19
586	142
586	238
586	337
586	532
586	648
586	756
586	757
586	780
586	961
587	64
587	155
587	636
587	685
587	695
587	770
587	879
587	906
587	976
587	995
588	377
588	561
588	596
588	670
588	785
588	812
588	833
588	834
588	929
588	987
589	19
589	99
589	118
589	445
589	535
589	574
589	731
589	788
589	849
589	976
590	266
590	645
590	687
590	786
590	787
590	850
590	894
590	905
590	919
590	988
591	15
591	133
591	465
591	479
591	563
591	788
591	822
591	874
591	889
591	952
592	31
592	72
592	326
592	357
592	432
592	542
592	712
592	718
592	758
592	902
593	192
593	276
593	326
593	385
593	397
593	705
593	827
593	866
593	896
593	934
594	3
594	380
594	821
594	844
594	851
594	853
594	873
594	888
594	922
594	950
595	181
595	219
595	320
595	490
595	580
595	789
595	816
595	865
595	887
595	924
596	143
596	253
596	271
596	483
596	588
596	637
596	658
596	686
596	716
596	811
597	87
597	123
597	305
597	339
597	431
597	475
597	555
597	760
597	876
597	958
598	80
598	95
598	297
598	298
598	371
598	456
598	562
598	700
598	799
598	808
599	275
599	288
599	485
599	632
599	686
599	743
599	761
599	784
599	859
599	976
600	13
600	210
600	357
600	387
600	410
600	625
600	636
600	727
600	742
600	847
601	44
601	271
601	493
601	538
601	555
601	747
601	821
601	908
601	977
601	983
602	3
602	61
602	255
602	381
602	420
602	616
602	653
602	693
602	699
603	82
603	144
603	312
603	394
603	419
603	494
603	635
603	802
603	908
603	936
604	91
604	105
604	156
604	358
604	389
604	471
604	491
604	863
604	960
604	990
605	12
605	60
605	237
605	308
605	381
605	548
605	784
605	831
605	852
605	957
606	218
606	379
606	502
606	608
606	633
606	675
606	711
606	957
606	963
606	966
607	79
607	316
607	324
607	367
607	397
607	413
607	518
607	824
607	845
607	994
608	15
608	245
608	397
608	581
608	606
608	698
608	743
608	760
608	926
608	936
609	30
609	120
609	428
609	487
609	504
609	774
609	821
609	858
609	970
609	991
610	161
610	237
610	376
610	567
610	653
610	699
610	764
610	798
610	822
610	955
611	10
611	63
611	315
611	520
611	614
611	643
611	646
611	741
611	773
611	979
612	22
612	310
612	535
612	628
612	656
612	665
612	918
612	930
612	948
612	992
613	103
613	433
613	445
613	526
613	529
613	651
613	837
613	878
613	917
613	985
614	110
614	226
614	561
614	611
614	625
614	661
614	728
614	786
614	918
614	926
615	344
615	641
615	659
615	688
615	722
615	756
615	895
615	901
615	931
615	973
616	81
616	85
616	175
616	496
616	554
616	602
616	712
616	732
616	918
617	95
617	111
617	126
617	146
617	497
617	501
617	812
617	827
617	844
617	923
618	87
618	339
618	364
618	645
618	681
618	703
618	734
618	754
618	846
618	954
619	95
619	329
619	332
619	361
619	422
619	556
619	670
619	712
619	729
619	819
620	304
620	426
620	669
620	679
620	735
620	743
620	783
620	869
620	891
620	991
621	202
621	214
621	374
621	389
621	523
621	579
621	682
621	824
621	979
621	983
622	143
622	340
622	518
622	543
622	571
622	761
622	898
622	929
622	974
622	982
623	397
623	508
623	561
623	670
623	692
623	731
623	761
623	818
623	862
623	925
623	928
624	77
624	473
624	544
624	636
624	683
624	696
624	721
624	835
624	843
624	864
624	962
625	3
625	265
625	412
625	600
625	614
625	635
625	674
625	777
625	920
625	926
625	935
626	228
626	323
626	360
626	384
626	460
626	498
626	511
626	550
626	719
626	918
626	931
627	54
627	62
627	168
627	348
627	523
627	681
627	829
627	914
627	940
627	946
627	973
628	58
628	108
628	266
628	283
628	313
628	612
628	629
628	726
628	841
628	945
628	951
629	98
629	125
629	188
629	510
629	628
629	654
629	761
629	766
629	809
629	880
629	943
630	159
630	211
630	234
630	292
630	328
630	334
630	337
630	401
630	411
630	902
630	998
631	345
631	348
631	366
631	438
631	703
631	728
631	922
631	934
631	947
631	965
631	998
632	9
632	29
632	83
632	128
632	215
632	483
632	485
632	599
632	752
632	800
632	992
633	138
633	294
633	350
633	530
633	606
633	644
633	662
633	748
633	763
633	845
633	958
634	79
634	180
634	188
634	475
634	571
634	731
634	784
634	899
634	913
634	919
634	968
635	144
635	452
635	457
635	464
635	603
635	625
635	747
635	857
635	871
635	921
635	984
636	51
636	344
636	531
636	561
636	587
636	600
636	624
636	649
636	717
636	856
636	861
637	46
637	270
637	296
637	332
637	483
637	485
637	596
637	800
637	878
637	911
637	954
638	4
638	59
638	396
638	519
638	534
638	584
638	639
638	758
638	855
638	879
638	945
639	29
639	55
639	113
639	207
639	283
639	337
639	638
639	785
639	789
639	869
639	879
640	106
640	127
640	293
640	421
640	506
640	523
640	566
640	674
640	788
640	875
640	962
641	236
641	352
641	549
641	554
641	615
641	685
641	709
641	839
641	846
641	864
641	958
642	121
642	231
642	338
642	383
642	508
642	540
642	714
642	866
642	891
642	895
642	978
643	41
643	88
643	314
643	368
643	408
643	565
643	611
643	865
643	949
643	966
643	977
644	52
644	58
644	186
644	270
644	415
644	456
644	633
644	800
644	874
644	949
644	995
645	138
645	296
645	521
645	536
645	590
645	618
645	732
645	794
645	813
645	837
645	857
646	103
646	165
646	230
646	418
646	503
646	566
646	611
646	677
646	778
646	841
646	878
647	11
647	196
647	206
647	416
647	444
647	459
647	513
647	545
647	654
647	967
647	989
648	5
648	23
648	190
648	352
648	439
648	447
648	586
648	673
648	757
648	820
648	864
649	378
649	406
649	536
649	636
649	700
649	707
649	780
649	823
649	894
649	964
649	995
650	49
650	118
650	139
650	167
650	205
650	439
650	492
650	563
650	669
650	793
650	916
651	36
651	47
651	139
651	431
651	494
651	501
651	522
651	613
651	711
651	770
651	890
652	2
652	13
652	87
652	270
652	360
652	370
652	708
652	732
652	793
652	874
652	957
653	86
653	88
653	200
653	240
653	386
653	551
653	602
653	610
653	663
653	724
653	767
654	4
654	66
654	79
654	474
654	575
654	629
654	647
654	748
654	834
654	842
654	945
655	2
655	107
655	139
655	160
655	430
655	442
655	477
655	572
655	660
655	757
655	912
656	130
656	196
656	284
656	292
656	301
656	546
656	548
656	612
656	808
656	878
656	934
657	175
657	251
657	265
657	287
657	295
657	299
657	404
657	419
657	669
657	692
657	941
658	1
658	12
658	141
658	596
658	711
658	796
658	824
658	929
658	942
658	946
658	993
659	210
659	339
659	425
659	438
659	615
659	779
659	781
659	791
659	838
659	904
659	946
660	63
660	123
660	278
660	335
660	450
660	655
660	696
660	706
660	760
660	957
660	979
661	37
661	265
661	319
661	386
661	404
661	501
661	502
661	614
661	733
661	801
661	816
662	61
662	137
662	148
662	242
662	424
662	442
662	493
662	538
662	633
662	759
662	767
663	29
663	221
663	653
663	688
663	750
663	763
663	843
663	856
663	934
663	939
663	981
664	65
664	127
664	231
664	240
664	364
664	455
664	748
664	774
664	831
664	839
664	938
665	63
665	408
665	477
665	498
665	499
665	518
665	527
665	532
665	612
665	792
665	995
666	2
666	260
666	428
666	695
666	745
666	764
666	812
666	840
666	908
666	916
666	947
667	27
667	179
667	211
667	335
667	744
667	768
667	847
667	906
667	941
667	958
667	994
668	77
668	347
668	443
668	511
668	712
668	738
668	762
668	799
668	882
668	912
668	948
669	46
669	354
669	583
669	620
669	650
669	657
669	737
669	767
669	847
669	992
669	999
670	51
670	89
670	152
670	214
670	316
670	419
670	588
670	619
670	623
670	843
670	921
671	2
671	251
671	300
671	383
671	451
671	495
671	530
671	687
671	712
671	766
671	838
672	31
672	371
672	396
672	459
672	547
672	563
672	574
672	704
672	820
672	956
672	967
673	67
673	169
673	227
673	314
673	421
673	454
673	552
673	648
673	835
673	905
673	917
674	262
674	293
674	347
674	451
674	572
674	625
674	640
674	721
674	727
674	797
674	911
675	77
675	103
675	229
675	240
675	272
675	317
675	331
675	606
675	717
675	807
675	986
676	60
676	97
676	344
676	540
676	762
676	785
676	819
676	850
676	864
676	881
676	899
677	77
677	351
677	466
677	646
677	678
677	682
677	742
677	877
677	915
677	988
677	993
678	6
678	197
678	209
678	380
678	451
678	490
678	677
678	684
678	703
678	800
678	891
679	142
679	199
679	291
679	473
679	477
679	536
679	620
679	726
679	763
679	766
679	911
680	81
680	104
680	342
680	444
680	454
680	702
680	713
680	719
680	881
680	932
680	948
681	63
681	104
681	227
681	357
681	584
681	618
681	627
681	767
681	852
681	895
681	935
682	235
682	395
682	482
682	533
682	621
682	677
682	702
682	762
682	812
682	947
682	985
683	21
683	26
683	261
683	328
683	388
683	477
683	545
683	547
683	577
683	624
683	880
684	147
684	182
684	250
684	315
684	478
684	678
684	725
684	816
684	817
684	823
684	961
685	83
685	166
685	231
685	241
685	543
685	587
685	641
685	895
685	944
685	964
685	982
686	215
686	276
686	320
686	524
686	596
686	599
686	752
686	766
686	790
686	806
686	994
687	361
687	452
687	579
687	590
687	671
687	697
687	698
687	834
687	946
687	975
687	993
688	80
688	325
688	350
688	544
688	574
688	615
688	663
688	888
688	898
688	928
688	990
689	40
689	250
689	254
689	351
689	524
689	707
689	743
689	758
689	828
689	942
689	979
690	116
690	128
690	189
690	202
690	329
690	400
690	419
690	694
690	796
690	968
690	970
691	207
691	406
691	417
691	476
691	545
691	549
691	563
691	693
691	694
691	778
691	940
692	89
692	318
692	392
692	484
692	623
692	657
692	746
692	757
692	777
692	863
692	933
693	202
693	209
693	457
693	602
693	691
693	724
693	765
693	826
693	862
693	945
693	994
694	57
694	139
694	457
694	569
694	690
694	691
694	702
694	762
694	875
694	921
694	951
695	66
695	191
695	386
695	401
695	523
695	587
695	666
695	822
695	866
695	986
695	993
696	32
696	487
696	624
696	660
696	700
696	757
696	812
696	860
696	909
696	921
696	973
697	194
697	295
697	333
697	446
697	448
697	449
697	492
697	502
697	525
697	687
697	715
698	48
698	214
698	245
698	405
698	541
698	545
698	608
698	687
698	734
698	954
698	979
699	66
699	142
699	154
699	291
699	375
699	445
699	602
699	610
699	715
699	886
699	964
700	239
700	298
700	420
700	485
700	511
700	540
700	598
700	649
700	696
700	935
700	997
701	5
701	221
701	374
701	422
701	503
701	559
701	583
701	727
701	804
701	923
701	993
702	343
702	516
702	539
702	573
702	680
702	682
702	694
702	732
702	813
702	849
702	852
703	41
703	145
703	282
703	618
703	631
703	678
703	741
703	792
703	877
703	939
703	974
704	53
704	127
704	186
704	458
704	526
704	549
704	672
704	893
704	924
704	944
704	969
705	4
705	25
705	72
705	352
705	593
705	713
705	799
705	814
705	844
705	915
705	933
706	119
706	159
706	384
706	516
706	585
706	660
706	715
706	786
706	795
706	836
706	945
707	78
707	196
707	214
707	250
707	306
707	541
707	578
707	649
707	689
707	815
707	860
708	182
708	512
708	548
708	652
708	776
708	868
708	895
708	924
708	981
708	987
708	998
709	17
709	137
709	383
709	463
709	489
709	513
709	641
709	753
709	812
709	950
709	986
710	35
710	295
710	506
710	766
710	784
710	791
710	924
710	937
710	954
710	968
710	971
711	437
711	466
711	510
711	555
711	606
711	651
711	658
711	754
711	779
711	946
711	962
712	57
712	504
712	513
712	592
712	616
712	619
712	668
712	671
712	747
712	849
712	938
713	208
713	321
713	322
713	362
713	481
713	680
713	705
713	747
713	763
713	792
713	989
714	20
714	28
714	93
714	360
714	565
714	579
714	642
714	759
714	803
714	854
714	951
715	262
715	567
715	697
715	699
715	706
715	775
715	823
715	835
715	884
715	896
715	914
716	68
716	108
716	249
716	311
716	522
716	523
716	596
716	770
716	788
716	943
716	996
717	177
717	213
717	318
717	417
717	448
717	550
717	636
717	675
717	720
717	821
717	843
718	323
718	390
718	411
718	417
718	458
718	520
718	524
718	592
718	783
718	856
718	987
719	88
719	117
719	129
719	217
719	228
719	284
719	437
719	541
719	552
719	626
719	680
720	201
720	345
720	376
720	538
720	570
720	717
720	740
720	858
720	864
720	927
720	942
721	12
721	189
721	448
721	460
721	511
721	624
721	674
721	754
721	865
721	887
721	967
722	7
722	24
722	584
722	615
722	757
722	761
722	800
722	805
722	840
722	850
722	887
722	904
723	67
723	223
723	285
723	373
723	483
723	491
723	577
723	811
723	935
723	963
723	981
723	992
724	351
724	365
724	412
724	443
724	532
724	653
724	693
724	726
724	785
724	812
724	854
724	993
725	198
725	420
725	512
725	684
725	817
725	825
725	873
725	879
725	955
725	989
725	994
725	997
726	71
726	253
726	345
726	523
726	552
726	628
726	679
726	724
726	848
726	863
726	909
726	952
727	198
727	263
727	349
727	387
727	432
727	455
727	547
727	600
727	674
727	701
727	764
727	976
728	84
728	435
728	473
728	614
728	631
728	787
728	800
728	885
728	897
728	937
728	948
728	950
729	157
729	218
729	249
729	270
729	442
729	467
729	619
729	831
729	837
729	862
729	890
729	930
730	119
730	165
730	288
730	428
730	460
730	498
730	559
730	772
730	806
730	841
730	862
730	992
731	15
731	21
731	93
731	175
731	302
731	506
731	589
731	623
731	634
731	789
731	824
731	839
732	100
732	123
732	213
732	340
732	616
732	645
732	652
732	702
732	764
732	818
732	907
732	948
733	174
733	299
733	315
733	427
733	485
733	661
733	798
733	834
733	862
733	892
733	911
733	982
734	181
734	346
734	353
734	388
734	441
734	506
734	555
734	618
734	698
734	839
734	863
734	949
735	16
735	184
735	308
735	360
735	423
735	428
735	620
735	752
735	871
735	875
735	907
735	925
736	123
736	162
736	179
736	375
736	435
736	740
736	853
736	869
736	891
736	927
736	930
736	977
737	193
737	293
737	377
737	406
737	436
737	669
737	805
737	824
737	864
737	876
737	926
737	947
738	15
738	430
738	510
738	532
738	668
738	767
738	916
738	931
738	940
738	946
738	970
738	978
739	31
739	53
739	290
739	346
739	393
739	459
739	484
739	810
739	882
739	883
739	923
739	968
740	7
740	72
740	207
740	218
740	235
740	301
740	531
740	574
740	720
740	736
740	962
740	981
741	163
741	293
741	538
741	611
741	703
741	755
741	826
741	848
741	855
741	861
741	901
741	984
742	177
742	230
742	405
742	495
742	600
742	677
742	776
742	805
742	846
742	960
742	980
742	984
743	324
743	326
743	340
743	529
743	599
743	608
743	620
743	689
743	791
743	792
743	867
743	969
744	113
744	185
744	194
744	340
744	409
744	428
744	432
744	667
744	893
744	897
744	952
745	27
745	140
745	200
745	313
745	316
745	358
745	427
745	666
745	766
745	830
745	911
745	943
746	116
746	274
746	357
746	558
746	564
746	692
746	807
746	825
746	858
746	954
746	958
746	998
747	187
747	199
747	371
747	466
747	601
747	635
747	712
747	713
747	802
747	946
747	965
748	4
748	226
748	342
748	348
748	379
748	538
748	581
748	633
748	654
748	664
748	899
748	957
749	49
749	62
749	69
749	245
749	285
749	360
749	496
749	522
749	537
749	811
749	961
749	991
750	24
750	136
750	192
750	221
750	251
750	347
750	378
750	576
750	663
750	805
750	931
750	980
751	212
751	236
751	253
751	388
751	530
751	545
751	549
751	884
751	898
751	917
751	922
751	994
752	9
752	241
752	345
752	397
752	575
752	632
752	686
752	735
752	754
752	893
752	919
752	950
753	176
753	213
753	340
753	381
753	391
753	435
753	476
753	709
753	776
753	817
753	892
753	942
754	48
754	160
754	395
754	467
754	585
754	618
754	711
754	721
754	752
754	813
754	842
754	922
755	112
755	249
755	265
755	384
755	441
755	447
755	461
755	558
755	741
755	810
755	822
755	946
756	41
756	51
756	130
756	164
756	246
756	275
756	292
756	586
756	615
756	842
756	892
756	981
757	88
757	91
757	253
757	421
757	586
757	648
757	655
757	692
757	696
757	722
757	782
757	952
758	114
758	115
758	117
758	327
758	515
758	520
758	592
758	638
758	689
758	800
758	982
758	986
759	51
759	62
759	300
759	662
759	714
759	777
759	804
759	855
759	866
759	897
759	902
759	975
760	236
760	399
760	538
760	597
760	608
760	660
760	792
760	798
760	815
760	883
760	927
760	962
761	94
761	515
761	599
761	622
761	623
761	629
761	722
761	768
761	854
761	870
761	907
761	973
762	33
762	49
762	224
762	250
762	315
762	350
762	668
762	676
762	682
762	694
762	768
762	821
763	105
763	141
763	238
763	407
763	487
763	633
763	663
763	679
763	713
763	889
763	918
763	961
764	186
764	192
764	320
764	610
764	666
764	727
764	732
764	782
764	801
764	812
764	924
764	978
765	17
765	108
765	237
765	450
765	585
765	693
765	772
765	814
765	881
765	883
765	934
765	959
766	302
766	336
766	377
766	489
766	535
766	629
766	671
766	679
766	686
766	710
766	745
766	815
767	439
767	519
767	568
767	653
767	662
767	669
767	681
767	738
767	794
767	903
767	966
767	998
768	108
768	173
768	302
768	390
768	570
768	667
768	761
768	762
768	772
768	810
768	902
768	921
769	87
769	114
769	161
769	378
769	482
769	530
769	785
769	815
769	819
769	908
769	953
769	972
770	61
770	417
770	537
770	587
770	651
770	716
770	806
770	818
770	840
770	909
770	933
770	969
771	93
771	106
771	168
771	200
771	257
771	309
771	407
771	476
771	832
771	861
771	873
771	926
772	22
772	69
772	127
772	264
772	416
772	437
772	525
772	730
772	765
772	768
772	948
772	975
773	12
773	154
773	307
773	578
773	585
773	611
773	861
773	884
773	901
773	921
773	992
773	999
774	14
774	213
774	527
774	571
774	609
774	664
774	828
774	893
774	895
774	898
774	917
774	960
775	195
775	248
775	304
775	306
775	387
775	715
775	844
775	890
775	935
775	949
775	961
775	975
776	17
776	54
776	237
776	310
776	497
776	517
776	518
776	708
776	742
776	753
776	951
776	989
777	120
777	430
777	482
777	539
777	625
777	692
777	759
777	812
777	829
777	851
777	892
777	976
778	21
778	196
778	218
778	222
778	233
778	345
778	355
778	407
778	484
778	646
778	691
778	979
779	218
779	224
779	255
779	319
779	345
779	417
779	659
779	711
779	818
779	828
779	915
779	956
780	130
780	450
780	480
780	586
780	649
780	801
780	847
780	871
780	891
780	958
780	960
780	966
781	57
781	123
781	129
781	166
781	342
781	545
781	562
781	659
781	828
781	883
781	906
781	998
782	8
782	190
782	193
782	217
782	233
782	569
782	571
782	580
782	757
782	764
782	811
782	953
783	75
783	88
783	210
783	397
783	452
783	509
783	518
783	620
783	718
783	789
783	923
783	1000
784	151
784	361
784	389
784	396
784	534
784	580
784	599
784	605
784	634
784	710
784	797
784	875
785	216
785	297
785	422
785	474
785	475
785	517
785	588
785	639
785	676
785	724
785	769
785	851
786	247
786	284
786	309
786	336
786	520
786	590
786	614
786	706
786	796
786	846
786	928
786	988
787	92
787	99
787	148
787	209
787	252
787	283
787	590
787	728
787	822
787	884
787	940
787	945
788	110
788	230
788	420
788	421
788	422
788	542
788	589
788	591
788	640
788	716
788	942
788	946
789	128
789	186
789	530
789	595
789	639
789	731
789	783
789	819
789	843
789	869
789	871
789	960
790	45
790	105
790	301
790	354
790	486
790	686
790	870
790	913
790	941
790	948
790	952
790	970
791	81
791	165
791	368
791	546
791	565
791	581
791	659
791	710
791	743
791	807
791	903
791	949
792	32
792	284
792	492
792	665
792	703
792	713
792	743
792	760
792	887
792	975
792	978
792	995
793	25
793	28
793	48
793	96
793	198
793	232
793	490
793	650
793	652
793	852
793	923
793	956
794	12
794	189
794	308
794	348
794	453
794	465
794	506
794	585
794	645
794	767
794	839
794	928
795	8
795	22
795	223
795	224
795	253
795	341
795	366
795	453
795	455
795	706
795	830
795	890
795	900
796	55
796	75
796	339
796	658
796	690
796	786
796	880
796	881
796	883
796	894
796	956
796	973
796	998
797	10
797	33
797	48
797	90
797	101
797	195
797	277
797	372
797	492
797	674
797	784
797	818
797	821
798	311
798	376
798	610
798	733
798	760
798	807
798	836
798	882
798	886
798	903
798	929
798	969
798	985
799	72
799	100
799	188
799	236
799	375
799	463
799	583
799	598
799	668
799	705
799	804
799	902
799	906
800	36
800	113
800	413
800	422
800	509
800	554
800	632
800	637
800	644
800	678
800	722
800	728
800	758
801	6
801	26
801	305
801	319
801	382
801	418
801	504
801	577
801	661
801	764
801	780
801	856
801	859
802	121
802	201
802	272
802	297
802	343
802	376
802	377
802	530
802	562
802	603
802	747
802	846
802	972
803	163
803	203
803	264
803	410
803	415
803	452
803	498
803	565
803	572
803	714
803	886
803	909
803	931
804	41
804	251
804	283
804	303
804	402
804	480
804	540
804	701
804	759
804	799
804	856
804	936
804	972
805	6
805	25
805	412
805	488
805	533
805	563
805	722
805	737
805	742
805	750
805	871
805	920
805	976
806	85
806	165
806	221
806	288
806	326
806	376
806	445
806	491
806	574
806	578
806	686
806	730
806	770
807	244
807	268
807	469
807	515
807	554
807	675
807	746
807	791
807	798
807	833
807	887
807	977
807	989
808	517
808	561
808	598
808	656
808	890
808	912
808	915
808	935
808	943
808	958
808	991
808	997
809	46
809	64
809	120
809	163
809	179
809	246
809	342
809	470
809	523
809	542
809	629
809	976
809	982
810	138
810	241
810	281
810	389
810	438
810	444
810	739
810	755
810	768
810	816
810	841
810	900
810	964
811	7
811	305
811	373
811	542
811	568
811	596
811	723
811	749
811	782
811	844
811	847
811	872
811	906
812	248
812	316
812	588
812	617
812	666
812	682
812	696
812	709
812	724
812	764
812	777
812	915
812	932
813	101
813	109
813	327
813	377
813	407
813	531
813	561
813	645
813	702
813	754
813	922
813	939
813	953
814	66
814	259
814	304
814	336
814	404
814	452
814	455
814	479
814	531
814	705
814	765
814	906
814	985
815	40
815	173
815	302
815	360
815	477
815	707
815	760
815	766
815	769
815	835
815	858
815	892
815	966
816	260
816	305
816	433
816	481
816	482
816	530
816	565
816	595
816	661
816	684
816	810
816	906
816	916
817	134
817	191
817	215
817	230
817	390
817	556
817	563
817	583
817	684
817	725
817	753
817	818
817	972
818	133
818	150
818	187
818	217
818	268
818	337
818	623
818	732
818	770
818	779
818	797
818	817
818	838
819	65
819	131
819	239
819	281
819	395
819	534
819	572
819	619
819	676
819	769
819	789
819	945
819	990
820	140
820	214
820	223
820	228
820	247
820	360
820	542
820	543
820	648
820	672
820	938
820	951
820	969
821	110
821	222
821	399
821	492
821	594
821	601
821	609
821	717
821	762
821	797
821	838
821	850
821	870
822	74
822	122
822	146
822	291
822	407
822	580
822	591
822	610
822	695
822	755
822	787
822	874
822	910
823	11
823	14
823	99
823	153
823	209
823	246
823	495
823	514
823	649
823	684
823	715
823	909
823	932
824	117
824	441
824	486
824	499
824	607
824	621
824	658
824	731
824	737
824	848
824	896
824	904
824	945
825	106
825	126
825	261
825	386
825	450
825	725
825	746
825	871
825	890
825	928
825	930
825	941
825	956
826	312
826	316
826	377
826	427
826	447
826	555
826	570
826	693
826	741
826	828
826	873
826	950
826	996
827	68
827	299
827	326
827	347
827	453
827	464
827	471
827	523
827	581
827	593
827	617
827	842
827	872
828	71
828	206
828	284
828	297
828	300
828	472
828	689
828	774
828	779
828	781
828	826
828	929
828	955
829	39
829	108
829	246
829	374
829	416
829	515
829	559
829	584
829	627
829	777
829	913
829	917
829	921
830	142
830	232
830	352
830	535
830	579
830	745
830	795
830	859
830	882
830	890
830	940
830	978
830	979
831	127
831	142
831	182
831	212
831	281
831	457
831	499
831	583
831	605
831	664
831	729
831	854
831	949
832	11
832	279
832	304
832	406
832	494
832	771
832	838
832	840
832	933
832	954
832	956
832	963
832	979
833	69
833	157
833	225
833	231
833	245
833	428
833	537
833	576
833	582
833	588
833	807
833	843
833	910
834	59
834	124
834	190
834	220
834	271
834	286
834	387
834	463
834	588
834	654
834	687
834	733
834	926
835	136
835	163
835	220
835	297
835	409
835	552
835	559
835	624
835	673
835	715
835	815
835	919
835	954
836	34
836	58
836	250
836	406
836	513
836	565
836	706
836	798
836	905
836	938
836	979
836	986
836	990
837	43
837	75
837	143
837	161
837	164
837	293
837	460
837	553
837	568
837	613
837	645
837	729
837	999
838	97
838	253
838	340
838	404
838	517
838	539
838	659
838	671
838	818
838	821
838	832
838	864
838	929
839	104
839	169
839	302
839	445
839	573
839	641
839	664
839	731
839	734
839	794
839	910
839	953
839	966
840	84
840	164
840	169
840	197
840	263
840	531
840	541
840	581
840	666
840	722
840	770
840	832
840	957
841	185
841	326
841	398
841	418
841	500
841	580
841	628
841	646
841	730
841	810
841	882
841	928
841	984
842	23
842	104
842	164
842	211
842	282
842	348
842	471
842	526
842	534
842	654
842	754
842	756
842	827
843	35
843	83
843	341
843	356
843	438
843	624
843	663
843	670
843	717
843	789
843	833
843	859
843	873
844	30
844	425
844	462
844	516
844	580
844	594
844	617
844	705
844	775
844	811
844	921
844	925
844	948
845	30
845	73
845	140
845	224
845	263
845	300
845	371
845	460
845	491
845	607
845	633
845	914
845	936
846	53
846	102
846	335
846	491
846	527
846	583
846	618
846	641
846	742
846	786
846	802
846	907
846	915
847	222
847	331
847	396
847	501
847	600
847	667
847	669
847	780
847	811
847	848
847	867
847	873
847	938
848	51
848	114
848	121
848	193
848	322
848	432
848	489
848	726
848	741
848	824
848	847
848	981
848	989
849	8
849	102
849	141
849	168
849	309
849	313
849	493
849	543
849	547
849	569
849	589
849	702
849	712
850	32
850	45
850	55
850	298
850	356
850	391
850	421
850	498
850	590
850	676
850	722
850	821
850	906
851	26
851	258
851	267
851	362
851	379
851	385
851	594
851	777
851	785
851	891
851	915
851	967
851	1000
852	144
852	175
852	207
852	306
852	365
852	449
852	455
852	605
852	681
852	702
852	793
852	863
852	912
853	90
853	141
853	209
853	303
853	323
853	384
853	414
853	457
853	594
853	736
853	880
853	886
853	937
854	261
854	281
854	431
854	482
854	497
854	520
854	524
854	714
854	724
854	761
854	831
854	870
854	950
855	10
855	50
855	69
855	248
855	400
855	418
855	517
855	638
855	741
855	759
855	861
855	929
855	942
856	259
856	435
856	471
856	472
856	562
856	636
856	663
856	718
856	801
856	804
856	901
856	908
856	993
857	349
857	357
857	408
857	431
857	506
857	508
857	577
857	635
857	645
857	875
857	925
857	934
857	959
858	21
858	65
858	212
858	427
858	452
858	523
858	542
858	609
858	720
858	746
858	815
858	934
858	986
859	299
859	301
859	348
859	503
859	506
859	512
859	599
859	801
859	830
859	843
859	861
859	926
859	991
860	13
860	81
860	225
860	359
860	363
860	402
860	434
860	459
860	460
860	696
860	707
860	866
860	973
861	194
861	367
861	464
861	483
861	636
861	741
861	771
861	773
861	855
861	859
861	926
861	972
861	992
862	95
862	164
862	342
862	468
862	528
862	577
862	623
862	693
862	729
862	730
862	733
862	927
862	932
863	241
863	271
863	541
863	604
863	692
863	726
863	734
863	852
863	885
863	907
863	936
863	947
863	986
864	17
864	87
864	201
864	241
864	508
864	624
864	641
864	648
864	676
864	720
864	737
864	838
864	887
865	137
865	138
865	161
865	278
865	443
865	500
865	531
865	595
865	643
865	721
865	867
865	899
865	906
866	39
866	45
866	152
866	277
866	401
866	536
866	593
866	642
866	695
866	759
866	860
866	902
866	908
867	115
867	412
867	413
867	431
867	477
867	529
867	542
867	743
867	847
867	865
867	908
867	936
867	963
868	37
868	114
868	313
868	316
868	370
868	498
868	540
868	708
868	892
868	906
868	973
868	981
868	997
869	11
869	141
869	343
869	570
869	620
869	639
869	736
869	789
869	911
869	943
869	958
869	959
869	989
870	180
870	258
870	299
870	384
870	456
870	527
870	536
870	761
870	790
870	821
870	854
870	905
870	1000
871	208
871	217
871	289
871	465
871	635
871	735
871	780
871	789
871	805
871	825
871	873
871	892
871	947
872	1
872	70
872	97
872	102
872	155
872	254
872	261
872	517
872	811
872	827
872	926
872	938
872	971
873	327
873	367
873	480
873	539
873	580
873	594
873	725
873	771
873	826
873	843
873	847
873	871
873	881
874	33
874	193
874	361
874	390
874	546
874	555
874	582
874	591
874	644
874	652
874	822
874	970
874	973
874	980
875	166
875	180
875	400
875	402
875	423
875	537
875	557
875	640
875	694
875	735
875	784
875	857
875	920
875	925
876	172
876	217
876	332
876	377
876	445
876	456
876	517
876	575
876	597
876	737
876	885
876	933
876	942
876	959
877	45
877	109
877	131
877	136
877	152
877	233
877	309
877	386
877	396
877	420
877	486
877	677
877	703
877	929
878	27
878	43
878	155
878	261
878	404
878	405
878	410
878	443
878	468
878	613
878	637
878	646
878	656
878	990
879	145
879	199
879	276
879	334
879	544
879	557
879	571
879	587
879	638
879	639
879	725
879	926
879	940
879	948
880	6
880	7
880	134
880	199
880	280
880	362
880	422
880	433
880	564
880	629
880	683
880	796
880	853
880	924
881	15
881	112
881	170
881	212
881	216
881	280
881	676
881	680
881	765
881	796
881	873
881	954
881	966
881	970
882	6
882	268
882	274
882	355
882	396
882	551
882	668
882	739
882	798
882	830
882	841
882	913
882	936
882	958
883	50
883	129
883	356
883	451
883	480
883	739
883	760
883	765
883	781
883	796
883	894
883	927
883	952
883	969
884	1
884	41
884	60
884	302
884	312
884	357
884	375
884	459
884	501
884	537
884	715
884	751
884	773
884	787
885	9
885	143
885	180
885	202
885	212
885	287
885	291
885	470
885	555
885	728
885	863
885	876
885	956
885	967
886	129
886	169
886	183
886	320
886	402
886	413
886	549
886	551
886	699
886	798
886	803
886	853
886	967
886	991
887	43
887	178
887	270
887	310
887	365
887	454
887	595
887	721
887	722
887	792
887	807
887	864
887	951
887	1000
888	76
888	92
888	142
888	203
888	276
888	367
888	510
888	535
888	594
888	688
888	904
888	917
888	923
888	942
889	14
889	99
889	185
889	394
889	409
889	543
889	566
889	591
889	763
889	893
889	908
889	933
889	937
889	997
890	42
890	92
890	294
890	306
890	310
890	651
890	729
890	775
890	795
890	808
890	825
890	830
890	964
890	965
891	74
891	77
891	96
891	189
891	206
891	490
891	496
891	620
891	642
891	678
891	736
891	780
891	851
891	944
892	110
892	178
892	249
892	398
892	427
892	497
892	733
892	753
892	756
892	777
892	815
892	868
892	871
892	905
893	213
893	215
893	273
893	402
893	475
893	485
893	545
893	704
893	744
893	752
893	774
893	889
893	911
893	923
894	4
894	35
894	198
894	281
894	444
894	472
894	473
894	499
894	529
894	590
894	649
894	796
894	883
894	903
895	46
895	257
895	260
895	273
895	283
895	346
895	479
895	555
895	615
895	642
895	681
895	685
895	708
895	774
896	16
896	227
896	229
896	268
896	355
896	510
896	528
896	567
896	572
896	593
896	715
896	824
896	914
896	997
897	74
897	80
897	116
897	296
897	552
897	583
897	728
897	744
897	759
897	899
897	913
897	966
897	995
897	997
898	5
898	53
898	255
898	291
898	373
898	462
898	557
898	622
898	688
898	751
898	774
898	938
898	983
898	984
899	11
899	18
899	27
899	72
899	282
899	332
899	634
899	676
899	748
899	865
899	897
899	930
899	990
899	991
900	64
900	83
900	244
900	330
900	356
900	450
900	459
900	494
900	533
900	537
900	541
900	795
900	810
900	927
901	9
901	210
901	273
901	285
901	379
901	399
901	446
901	489
901	585
901	615
901	741
901	773
901	856
901	917
902	174
902	318
902	437
902	467
902	526
902	546
902	592
902	630
902	759
902	768
902	799
902	866
902	960
902	997
903	44
903	52
903	75
903	149
903	166
903	321
903	407
903	440
903	571
903	767
903	791
903	798
903	894
903	959
904	70
904	98
904	176
904	243
904	252
904	435
904	536
904	566
904	659
904	722
904	824
904	888
904	945
904	952
905	36
905	57
905	98
905	213
905	261
905	447
905	494
905	559
905	590
905	673
905	836
905	870
905	892
905	951
906	78
906	478
906	587
906	667
906	781
906	799
906	811
906	814
906	816
906	850
906	865
906	868
906	912
906	971
907	91
907	122
907	407
907	472
907	504
907	732
907	735
907	761
907	846
907	863
907	913
907	922
907	984
908	100
908	136
908	177
908	195
908	400
908	601
908	603
908	666
908	769
908	856
908	866
908	867
908	889
908	926
909	36
909	68
909	251
909	266
909	297
909	477
909	492
909	559
909	696
909	726
909	770
909	803
909	823
909	999
910	22
910	128
910	272
910	329
910	351
910	352
910	353
910	359
910	568
910	822
910	833
910	839
910	941
910	973
911	73
911	195
911	229
911	356
911	462
911	637
911	674
911	679
911	733
911	745
911	869
911	893
911	961
911	983
912	32
912	100
912	290
912	331
912	382
912	383
912	423
912	547
912	655
912	668
912	808
912	852
912	906
912	927
913	9
913	189
913	335
913	369
913	399
913	491
913	634
913	790
913	829
913	882
913	897
913	907
913	951
913	968
914	124
914	174
914	256
914	287
914	289
914	327
914	463
914	469
914	504
914	627
914	715
914	845
914	896
914	993
915	136
915	149
915	230
915	290
915	367
915	411
915	520
915	677
915	705
915	779
915	808
915	812
915	846
915	851
916	208
916	244
916	250
916	319
916	412
916	461
916	540
916	581
916	650
916	666
916	738
916	816
916	924
916	983
917	22
917	122
917	129
917	216
917	482
917	613
917	673
917	751
917	774
917	829
917	888
917	901
917	932
917	981
918	22
918	308
918	309
918	328
918	373
918	380
918	410
918	503
918	612
918	614
918	616
918	626
918	763
918	937
919	152
919	184
919	307
919	322
919	450
919	464
919	472
919	516
919	590
919	634
919	752
919	835
919	920
919	986
920	36
920	46
920	115
920	401
920	454
920	462
920	470
920	566
920	567
920	625
920	805
920	875
920	919
920	967
921	28
921	40
921	123
921	392
921	406
921	541
921	635
921	670
921	694
921	696
921	768
921	773
921	829
921	844
922	73
922	147
922	184
922	288
922	299
922	343
922	382
922	594
922	631
922	751
922	754
922	813
922	907
922	981
923	76
923	284
923	355
923	373
923	490
923	617
923	701
923	739
923	783
923	793
923	888
923	893
923	935
923	992
924	330
924	351
924	468
924	562
924	595
924	704
924	708
924	710
924	764
924	880
924	916
924	978
924	991
924	992
925	167
925	277
925	383
925	426
925	452
925	487
925	623
925	735
925	844
925	857
925	875
925	965
925	979
925	989
926	278
926	356
926	484
926	608
926	614
926	625
926	737
926	771
926	834
926	859
926	861
926	872
926	879
926	908
927	54
927	85
927	177
927	234
927	451
927	720
927	736
927	760
927	862
927	883
927	900
927	912
927	930
927	955
928	164
928	217
928	374
928	378
928	449
928	561
928	623
928	688
928	786
928	794
928	825
928	841
928	939
928	973
929	52
929	125
929	163
929	324
929	376
929	388
929	588
929	622
929	658
929	798
929	828
929	838
929	855
929	877
930	349
930	396
930	424
930	453
930	489
930	612
930	729
930	736
930	825
930	899
930	927
930	938
930	972
930	994
931	66
931	192
931	218
931	248
931	390
931	428
931	429
931	451
931	615
931	626
931	738
931	750
931	803
931	954
932	23
932	146
932	181
932	222
932	296
932	321
932	403
932	514
932	680
932	812
932	823
932	862
932	917
932	994
933	53
933	77
933	269
933	425
933	439
933	482
933	535
933	556
933	692
933	705
933	770
933	832
933	876
933	889
934	165
934	331
934	346
934	369
934	383
934	496
934	593
934	631
934	656
934	663
934	765
934	857
934	858
934	1000
935	17
935	174
935	252
935	423
935	551
935	569
935	625
935	681
935	700
935	723
935	775
935	808
935	923
935	961
936	90
936	331
936	336
936	511
936	539
936	562
936	603
936	608
936	804
936	845
936	863
936	867
936	882
936	940
937	7
937	53
937	231
937	263
937	292
937	334
937	388
937	501
937	558
937	710
937	728
937	853
937	889
937	918
938	222
938	295
938	399
938	664
938	712
938	820
938	836
938	847
938	872
938	898
938	930
938	983
938	989
938	995
939	39
939	71
939	195
939	481
939	512
939	553
939	565
939	663
939	703
939	813
939	928
939	960
939	971
939	985
940	5
940	163
940	223
940	237
940	442
940	557
940	627
940	691
940	738
940	787
940	830
940	879
940	936
940	962
941	44
941	121
941	147
941	426
941	436
941	557
941	573
941	657
941	667
941	790
941	825
941	910
941	985
941	997
942	66
942	151
942	203
942	266
942	312
942	400
942	658
942	689
942	720
942	753
942	788
942	855
942	876
942	888
943	397
943	429
943	496
943	574
943	629
943	716
943	745
943	808
943	869
943	959
943	977
943	991
943	993
943	999
944	99
944	145
944	160
944	190
944	236
944	256
944	378
944	398
944	685
944	704
944	891
944	950
944	973
944	978
945	199
945	246
945	324
945	540
945	628
945	638
945	654
945	693
945	706
945	787
945	819
945	824
945	904
945	974
946	21
946	294
946	499
946	627
946	658
946	659
946	687
946	711
946	738
946	747
946	755
946	788
946	948
946	970
947	68
947	93
947	97
947	223
947	231
947	298
947	474
947	549
947	631
947	666
947	682
947	737
947	863
947	871
947	958
948	27
948	148
948	547
948	570
948	612
948	668
948	680
948	728
948	732
948	772
948	790
948	844
948	879
948	946
948	949
949	3
949	14
949	38
949	279
949	295
949	301
949	455
949	517
949	643
949	644
949	734
949	775
949	791
949	831
949	948
950	82
950	145
950	148
950	289
950	403
950	433
950	478
950	594
950	709
950	728
950	752
950	826
950	854
950	944
950	996
951	23
951	116
951	146
951	170
951	206
951	577
951	628
951	694
951	714
951	776
951	820
951	887
951	905
951	913
951	989
952	211
952	247
952	275
952	291
952	330
952	358
952	591
952	726
952	744
952	757
952	790
952	883
952	904
952	967
953	71
953	158
953	216
953	225
953	252
953	273
953	303
953	355
953	411
953	465
953	498
953	769
953	782
953	813
953	839
954	80
954	166
954	219
954	380
954	399
954	618
954	637
954	698
954	710
954	746
954	832
954	835
954	881
954	931
954	955
955	38
955	351
955	410
955	436
955	513
955	520
955	531
955	558
955	610
955	725
955	828
955	927
955	954
955	996
955	1000
956	133
956	206
956	274
956	287
956	476
956	553
956	672
956	779
956	793
956	796
956	825
956	832
956	885
956	980
956	994
957	84
957	288
957	307
957	315
957	369
957	557
957	605
957	606
957	652
957	660
957	748
957	840
957	972
957	982
957	995
958	6
958	266
958	419
958	441
958	567
958	597
958	633
958	641
958	667
958	746
958	780
958	808
958	869
958	882
958	947
959	95
959	107
959	134
959	417
959	421
959	557
959	765
959	857
959	869
959	876
959	903
959	943
959	975
959	977
959	984
960	219
960	240
960	402
960	440
960	450
960	483
960	502
960	604
960	742
960	774
960	780
960	789
960	902
960	939
960	964
961	62
961	249
961	263
961	280
961	366
961	558
961	586
961	684
961	749
961	763
961	775
961	911
961	935
961	969
961	984
962	144
962	178
962	269
962	300
962	345
962	401
962	434
962	578
962	624
962	640
962	711
962	740
962	760
962	940
963	2
963	93
963	107
963	148
963	155
963	229
963	453
963	483
963	579
963	606
963	723
963	832
963	867
963	980
963	984
964	39
964	196
964	213
964	493
964	504
964	548
964	579
964	649
964	685
964	699
964	810
964	890
964	960
964	982
964	1000
965	35
965	37
965	153
965	323
965	388
965	461
965	470
965	474
965	555
965	631
965	747
965	890
965	925
965	968
965	972
966	133
966	313
966	334
966	395
966	441
966	578
966	606
966	643
966	767
966	780
966	815
966	839
966	881
966	897
966	1000
967	158
967	185
967	257
967	369
967	391
967	455
967	647
967	672
967	721
967	851
967	885
967	886
967	920
967	952
967	969
968	35
968	248
968	269
968	276
968	303
968	355
968	393
968	488
968	554
968	634
968	690
968	710
968	739
968	913
968	965
969	128
969	277
969	439
969	476
969	494
969	517
969	544
969	704
969	743
969	770
969	798
969	820
969	883
969	961
969	967
970	16
970	94
970	136
970	183
970	264
970	327
970	388
970	561
970	609
970	690
970	738
970	790
970	874
970	881
970	946
971	97
971	167
971	262
971	324
971	333
971	335
971	406
971	430
971	470
971	569
971	581
971	710
971	872
971	906
971	939
972	74
972	87
972	203
972	258
972	477
972	479
972	548
972	769
972	802
972	804
972	817
972	861
972	930
972	957
972	965
973	31
973	172
973	464
973	583
973	615
973	627
973	696
973	761
973	796
973	860
973	868
973	874
973	910
973	928
973	944
974	31
974	59
974	157
974	208
974	238
974	385
974	408
974	423
974	435
974	544
974	622
974	703
974	945
974	980
974	998
975	16
975	44
975	141
975	146
975	186
975	226
975	413
975	489
975	493
975	687
975	759
975	772
975	775
975	792
975	959
976	47
976	70
976	191
976	221
976	349
976	398
976	435
976	516
976	587
976	589
976	599
976	727
976	777
976	805
976	809
977	49
977	90
977	136
977	181
977	193
977	219
977	403
977	442
977	559
977	601
977	643
977	736
977	807
977	943
977	959
978	18
978	22
978	92
978	151
978	216
978	426
978	461
978	525
978	642
978	738
978	764
978	792
978	830
978	924
978	944
979	143
979	219
979	239
979	363
979	528
979	611
979	621
979	660
979	689
979	698
979	778
979	830
979	832
979	836
979	925
980	120
980	237
980	323
980	341
980	374
980	505
980	541
980	570
980	742
980	750
980	874
980	956
980	963
980	974
980	999
981	81
981	97
981	176
981	253
981	424
981	556
981	663
981	708
981	723
981	740
981	756
981	848
981	868
981	917
981	922
982	205
982	405
982	442
982	480
982	491
982	525
982	532
982	543
982	622
982	685
982	733
982	758
982	809
982	957
982	964
983	8
983	19
983	44
983	285
983	385
983	394
983	436
983	478
983	554
983	601
983	621
983	898
983	911
983	916
983	938
984	386
984	438
984	521
984	578
984	635
984	741
984	742
984	841
984	898
984	907
984	959
984	961
984	963
984	996
985	277
985	307
985	372
985	375
985	416
985	499
985	535
985	551
985	613
985	682
985	798
985	814
985	939
985	941
985	1000
986	159
986	265
986	314
986	347
986	377
986	476
986	505
986	675
986	695
986	709
986	758
986	836
986	858
986	863
986	919
987	20
987	52
987	109
987	169
987	189
987	248
987	260
987	430
987	435
987	480
987	528
987	588
987	708
987	718
987	993
988	30
988	199
988	246
988	284
988	331
988	349
988	365
988	391
988	394
988	400
988	515
988	567
988	590
988	677
988	786
989	105
989	334
989	392
989	546
989	647
989	713
989	725
989	776
989	807
989	848
989	869
989	925
989	938
989	951
989	999
990	47
990	50
990	84
990	117
990	313
990	412
990	474
990	546
990	563
990	604
990	688
990	819
990	836
990	878
990	899
991	21
991	206
991	325
991	354
991	533
991	609
991	620
991	749
991	808
991	859
991	886
991	899
991	924
991	943
992	196
992	364
992	372
992	428
992	446
992	612
992	632
992	669
992	723
992	730
992	773
992	861
992	923
992	924
992	994
993	135
993	216
993	234
993	494
993	510
993	658
993	677
993	687
993	695
993	701
993	724
993	856
993	914
993	943
993	987
994	29
994	366
994	408
994	545
994	585
994	607
994	667
994	686
994	693
994	725
994	751
994	930
994	932
994	956
994	992
995	205
995	220
995	235
995	240
995	262
995	327
995	563
995	587
995	644
995	649
995	665
995	792
995	897
995	938
995	957
996	79
996	180
996	231
996	243
996	277
996	286
996	387
996	392
996	396
996	540
996	716
996	826
996	950
996	955
996	984
997	69
997	222
997	448
997	467
997	499
997	541
997	700
997	725
997	808
997	868
997	889
997	896
997	897
997	902
997	941
998	73
998	165
998	184
998	317
998	325
998	354
998	630
998	631
998	708
998	746
998	767
998	781
998	796
998	974
998	1000
999	56
999	257
999	306
999	390
999	402
999	486
999	513
999	582
999	669
999	773
999	837
999	909
999	943
999	980
999	989
1000	98
1000	363
1000	446
1000	479
1000	505
1000	783
1000	851
1000	870
1000	887
1000	934
1000	955
1000	964
1000	966
1000	985
1000	998
